0 1858
0 532
0 995
1 1029
2 723
3 1145
4 724
5 1573
5 1728
6 1062
6 1157
7 1286
8 323
9 1325
9 442
10 1361
11 758
12 1255
12 1556
13 1479
13 323
13 1849
14 1878
15 1253
16 1587
17 1300
18 1641
18 596
18 1878
19 274
19 421
19 255
19 714
19 643
19 778
19 1523
19 528
20 280
21 58
22 1234
22 93
23 404
23 742
24 1369
25 111
25 1452
26 300
27 710
27 722
27 1771
28 1073
28 1285
28 430
28 947
29 1836
30 1123
31 1336
32 1591
33 1785
34 403
35 694
35 1410
36 645
36 1407
37 1345
38 1182
39 1631
39 84
40 476
41 1185
42 1262
43 1619
43 145
44 769
44 680
45 1197
46 600
47 512
47 455
48 331
49 185
50 1681
51 693
52 964
53 1558
53 1374
54 887
55 1793
56 1459
57 1106
58 1238
58 1293
58 922
59 1554
60 783
60 303
61 156
62 965
63 1731
64 1231
64 1169
65 439
66 1033
67 1520
68 470
69 1506
70 519
71 181
71 219
72 1681
73 542
74 1075
74 875
74 724
75 962
76 757
77 653
78 211
78 942
78 84
79 1827
80 978
81 341
81 1322
82 1147
83 1657
84 1261
84 873
84 1409
84 383
84 1832
85 632
86 1840
87 211
87 441
87 1719
88 1563
89 788
90 1700
90 1361
90 1475
91 947
92 848
93 1081
93 1318
93 1020
93 143
94 1604
95 1047
96 207
96 866
97 146
97 1870
97 679
97 1463
97 1188
97 189
97 817
97 760
97 1053
97 1480
97 664
97 1683
97 1241
97 1432
97 837
97 1148
97 1185
97 655
97 166
97 1553
97 1157
98 737
99 613
100 1132
100 150
100 1695
101 1225
101 1097
101 1543
101 511
101 1315
101 768
101 280
101 1793
102 1477
102 185
103 410
104 319
104 1364
104 1068
104 1644
105 185
106 818
107 1828
107 1675
108 1059
109 1671
110 1524
111 1445
111 1176
111 1185
111 197
111 575
112 1140
113 1419
114 1374
115 1712
116 1720
117 1173
118 1068
119 1055
120 331
121 1087
122 237
123 1185
124 671
124 185
125 413
126 437
126 510
126 740
127 531
128 638
128 567
129 1554
129 717
129 1219
129 1165
130 1157
130 491
131 1132
132 1212
132 832
133 1304
134 873
134 1498
134 601
134 1616
134 867
135 419
136 553
137 1093
137 1076
138 1751
139 1848
140 448
140 1728
141 1073
142 986
144 1616
144 1698
146 1550
147 1374
148 1622
149 840
150 1374
150 859
150 867
150 1229
151 547
152 1672
153 1195
154 281
155 501
157 1848
158 377
158 354
159 667
159 1687
160 325
161 1742
161 1615
161 1163
161 853
162 341
162 1055
163 693
163 489
164 1305
165 845
165 948
167 1626
168 1812
169 327
170 1823
171 1827
171 1082
172 1171
173 541
173 1557
174 584
175 1055
175 894
176 539
177 1626
178 1347
179 1711
179 1163
180 400
181 352
181 272
181 401
181 277
181 356
181 204
181 439
181 658
181 1500
182 968
183 1415
184 366
185 1611
185 1134
185 575
185 331
185 1311
185 713
185 622
185 1743
185 1713
185 398
185 1542
185 1180
186 1488
187 666
188 1380
190 566
191 1696
191 604
191 434
192 277
193 1186
194 1314
195 1147
196 584
196 786
197 1031
198 634
198 865
199 398
200 966
200 1681
200 768
201 1854
202 1068
203 798
203 1681
205 1275
205 1688
206 680
207 309
208 673
209 515
210 280
211 1757
211 318
211 935
212 1112
213 1583
214 1255
214 1651
215 1577
215 1616
216 820
216 1437
216 331
217 429
218 1669
220 1470
221 1013
221 280
222 1077
222 956
222 524
222 1335
222 1488
222 1302
223 338
224 1852
225 1801
225 1400
226 1128
227 1419
228 379
229 1536
230 1778
231 994
232 738
232 398
232 1455
233 434
234 1029
234 238
235 927
236 1746
238 1272
238 1031
238 1766
238 1787
239 1293
240 705
241 1161
242 1672
242 1827
243 1574
244 733
245 1730
246 837
247 853
248 1211
249 1272
250 1255
251 996
252 1778
253 1374
254 1509
256 1376
257 1877
257 1361
258 1633
259 1518
260 1477
261 290
262 1787
263 573
264 1713
265 745
266 338
267 853
268 1277
269 850
270 1132
271 998
273 584
273 937
275 1469
276 1856
276 531
276 1113
276 608
277 1804
277 1213
278 1760
279 807
280 1296
280 1792
280 1602
280 926
280 381
280 1711
280 867
280 893
280 1797
281 547
282 1679
283 1819
284 558
285 870
286 497
287 1237
288 1752
289 435
291 1236
292 1561
292 386
293 398
294 1862
295 693
296 1289
297 1390
298 1228
298 303
299 1527
301 1648
302 551
304 1055
304 1032
305 1381
305 503
306 327
307 1350
307 1599
307 514
307 574
308 1252
310 742
311 1339
311 560
312 1132
312 1073
313 1758
314 1610
315 1831
316 1196
317 983
318 432
320 693
320 1608
320 1298
320 942
321 1643
322 1056
323 1475
323 962
323 1137
323 1860
323 788
323 728
324 617
326 570
327 1167
327 398
327 1237
327 1872
327 973
327 1509
327 1158
327 874
327 327
327 1598
328 1470
329 1255
330 1653
330 514
331 1446
331 517
331 789
331 1132
331 421
331 1359
331 1071
331 867
331 1701
331 1735
331 1230
332 449
333 826
334 1083
334 1561
335 984
336 1457
337 364
338 1606
338 483
339 1323
340 1343
340 1609
342 1097
343 365
344 400
345 910
346 975
347 656
348 438
348 1843
349 1018
350 949
351 1637
351 1793
351 1145
351 877
351 977
353 1159
353 1873
355 1068
355 942
357 1472
357 1297
358 855
358 807
359 1828
360 458
361 1831
362 1827
363 1184
364 459
367 925
368 620
368 1645
369 1381
370 1434
371 1332
372 662
372 1688
373 1028
373 931
374 1827
374 1143
374 1681
375 1523
375 1483
376 1469
378 960
378 1540
380 1085
381 1798
382 675
384 1055
385 782
387 1699
388 649
389 584
389 882
390 517
390 1584
391 1378
392 671
393 907
394 710
395 1663
396 1818
397 1045
398 1018
398 1582
398 1530
398 700
398 1750
398 1817
398 1023
398 903
398 1873
398 1793
398 585
398 1010
398 965
398 962
398 1162
398 1609
399 621
400 1431
401 1581
402 843
405 499
406 1726
407 1363
408 864
409 878
411 1497
411 1608
412 1508
414 1768
415 1073
415 502
416 1712
417 1405
418 1218
420 1816
420 1306
420 594
421 652
421 571
421 1803
421 1577
421 1024
421 877
421 1381
421 1117
421 1815
422 1529
423 712
424 1763
425 555
426 821
427 1638
428 1654
429 1297
429 1608
429 1588
429 914
429 1683
431 1670
433 457
434 974
434 796
435 1729
435 916
436 694
439 953
439 1713
440 901
442 1413
443 1575
444 1227
444 976
445 694
445 467
445 564
446 952
447 1025
450 836
451 1673
452 985
452 611
452 1410
452 1610
452 1426
452 1667
452 753
453 1395
453 648
453 1334
453 888
453 1229
453 755
453 531
453 1044
453 1509
454 1703
455 584
455 1331
455 1652
455 1334
455 1181
456 1139
457 1645
457 743
457 1237
457 1096
457 648
457 908
457 1777
457 1733
457 594
459 680
459 746
459 1690
459 1660
460 879
461 796
462 719
463 1563
464 920
465 1184
466 1517
468 1595
469 773
469 1616
469 484
471 1708
472 1769
473 1793
474 1131
474 578
475 1024
476 1016
476 1030
476 633
477 794
478 917
478 992
479 1159
480 1448
480 1334
481 1810
481 807
482 1389
485 1002
486 1459
487 1838
488 1356
490 1048
492 566
493 1325
494 1631
495 1185
496 909
498 1016
499 803
499 1361
499 1229
499 599
500 1716
500 788
503 750
504 1623
505 871
506 1132
507 1374
508 1825
509 1681
509 1873
509 1103
509 881
512 937
513 1378
513 1068
514 1748
514 1272
514 1366
514 856
514 880
514 1348
514 838
514 1477
514 1844
514 659
514 1738
515 1070
516 862
517 1264
517 1749
517 624
517 1606
518 1237
520 777
521 1212
522 1640
523 1141
525 927
526 822
526 1371
527 1073
529 1534
530 1569
531 568
531 1325
531 1139
533 830
534 907
535 615
536 1095
537 1621
538 1285
538 644
540 755
541 1105
542 801
542 918
542 1037
542 1871
542 1381
543 926
544 686
545 1706
546 1634
546 998
547 1783
547 691
548 1026
548 1565
549 946
550 1573
552 1649
554 1827
555 946
556 907
556 1469
557 1616
559 831
560 1391
560 1750
561 1410
562 646
563 1573
565 1157
566 1317
566 1711
567 1493
567 661
567 682
569 1453
570 741
570 1361
572 1725
573 1488
573 603
576 1389
577 1065
577 1742
578 640
579 942
580 1388
581 885
581 1401
582 1742
583 588
583 1055
583 1501
583 1032
584 1073
584 1039
584 608
584 1297
584 622
586 1827
587 1244
588 867
589 601
590 1159
590 718
591 1611
592 1185
592 861
592 693
593 1447
594 1681
594 1863
595 601
596 1645
596 907
597 708
598 1234
599 1553
599 1822
601 1528
602 1382
603 626
605 958
605 748
606 975
607 1846
607 1537
608 1330
608 1713
608 1427
608 1157
608 1440
608 964
608 1078
608 1393
608 735
609 845
609 785
609 1596
609 634
610 1715
612 1068
614 649
615 1374
616 1157
616 649
618 1562
619 1724
620 1795
622 1865
622 1426
622 1443
622 643
623 913
623 965
625 1528
626 1636
627 1523
628 759
629 702
630 755
630 1810
631 1260
632 1736
632 1874
634 1430
634 1477
634 929
634 1351
635 1477
636 1361
637 1360
639 1133
639 792
641 1573
642 991
644 1663
644 1700
647 896
648 1215
648 1347
650 1148
650 1292
651 716
654 796
657 1179
658 1119
659 1559
660 866
663 1449
665 1736
666 1704
666 719
666 1294
666 1199
666 1520
666 792
666 1327
668 1007
669 851
670 853
671 772
671 846
672 802
674 1001
676 842
677 1873
678 1564
678 1423
678 1265
679 807
680 1397
680 1129
681 882
683 1541
684 1334
685 1117
685 1471
687 1797
688 1720
689 1496
690 766
692 1361
693 1120
693 1585
693 1568
694 1509
694 1156
694 1036
695 1655
695 1386
696 832
697 1142
698 1225
699 1068
701 1656
703 1309
704 906
706 1597
707 1532
709 1180
709 1664
709 1796
710 961
710 1494
711 1055
715 846
716 1164
716 1160
716 1582
717 810
720 761
721 1758
723 1603
724 1874
725 796
726 1111
727 1486
729 1138
730 1770
731 1783
732 892
734 748
736 941
736 1424
738 1681
738 1632
738 1700
739 1624
742 1326
744 876
745 1720
745 1133
745 1118
747 1551
749 1579
751 1239
752 1625
752 1794
752 813
754 961
754 1387
755 1153
755 1128
755 1829
756 1616
756 801
759 1333
762 1374
763 1061
764 1789
765 962
767 1625
769 1817
770 1503
771 1194
771 781
774 1797
775 1810
776 1043
777 1104
777 872
779 1419
780 807
780 1014
780 1616
783 1297
784 1229
785 1375
785 1512
787 899
788 1292
788 1135
790 1827
791 1128
793 1678
795 1633
796 1086
796 1175
796 1477
797 1822
797 1722
799 1513
800 1523
800 897
801 1334
804 811
805 1159
806 1470
807 1488
807 1866
807 1847
807 1578
808 1328
809 1817
812 1817
813 1710
814 1485
815 1728
816 1185
817 1879
818 1252
819 838
823 1378
824 1705
825 1616
826 1374
826 1268
826 1263
826 1307
827 1781
827 1377
827 1006
828 1246
829 1399
832 1725
832 1793
833 981
834 1758
835 1266
837 1580
838 1230
838 1496
839 844
840 1551
841 1204
843 1800
845 1247
846 1050
846 1409
846 1645
846 1681
847 1106
847 1465
849 1185
849 915
852 1436
853 926
853 1711
853 1185
853 1027
853 1347
853 1745
853 1505
853 1073
853 1058
853 1778
853 1820
854 1081
855 1159
857 1580
858 1040
860 1616
862 1206
862 1520
863 1827
865 1242
866 1229
866 1384
867 1868
867 1381
867 1490
867 1554
867 1355
868 907
869 1374
871 1381
872 1706
872 1835
873 1250
874 1761
876 1439
877 1630
882 1246
882 1617
882 979
882 1392
882 1827
883 1537
884 1283
885 907
886 1518
889 942
890 996
890 1141
890 1258
891 1185
891 1116
894 1057
895 1752
896 1700
896 1061
898 1525
900 997
901 1111
901 1782
902 1850
904 1750
905 1681
907 1314
907 1226
907 1211
907 1228
907 1553
907 1153
907 1845
907 1822
907 1360
907 1810
907 1132
907 1010
907 1057
907 942
907 1608
908 1349
908 1685
910 1125
911 1674
912 1470
912 1841
916 1562
919 1110
920 1647
921 939
922 1268
923 1019
924 1627
926 1297
926 1257
926 1229
927 990
928 1650
930 1797
932 1633
932 1497
932 1081
933 1420
934 1672
936 1523
936 1616
938 1159
939 1784
940 1618
940 1616
941 1597
942 1159
942 1245
942 1157
943 1187
944 1582
945 1492
950 1342
951 1681
954 1466
955 1875
955 1509
957 1756
959 1362
961 1640
961 1178
962 1144
962 1700
962 1497
963 1402
964 1640
964 1288
965 1132
965 1233
967 1111
969 1832
970 1368
971 1526
972 1059
974 1473
975 1299
980 1712
982 1114
987 1750
988 1824
989 1394
991 1169
991 1073
993 1712
997 1381
998 1641
998 1012
999 1383
1000 1230
1000 1860
1002 1224
1002 1334
1002 1352
1003 1473
1004 1374
1005 1511
1008 1106
1009 1779
1011 1466
1012 1115
1012 1092
1015 1866
1017 1809
1021 1109
1022 1130
1025 1409
1031 1758
1031 1578
1032 1809
1034 1718
1035 1404
1038 1790
1040 1042
1040 1801
1041 1813
1043 1477
1046 1345
1049 1376
1051 1413
1052 1734
1054 1624
1055 1299
1055 1132
1057 1743
1060 1073
1060 1360
1063 1119
1064 1145
1066 1216
1067 1590
1068 1097
1068 1230
1068 1635
1068 1586
1069 1282
1072 1374
1072 1148
1072 1240
1072 1112
1073 1581
1073 1235
1073 1737
1073 1374
1073 1127
1073 1340
1074 1432
1076 1101
1079 1593
1080 1713
1081 1416
1081 1616
1081 1214
1084 1222
1087 1458
1088 1497
1089 1341
1090 1477
1091 1842
1093 1303
1094 1797
1094 1621
1095 1413
1097 1295
1097 1613
1097 1716
1098 1478
1099 1681
1099 1381
1100 1324
1101 1328
1101 1694
1102 1721
1105 1661
1107 1553
1108 1157
1111 1331
1111 1696
1111 1297
1111 1136
1112 1674
1116 1132
1119 1703
1121 1477
1122 1157
1123 1367
1124 1856
1126 1262
1128 1665
1128 1580
1128 1827
1131 1358
1132 1781
1135 1625
1135 1321
1140 1773
1145 1159
1146 1539
1147 1793
1148 1367
1149 1284
1150 1866
1151 1533
1152 1360
1153 1308
1154 1374
1154 1681
1155 1232
1157 1509
1157 1490
1157 1655
1157 1848
1157 1520
1157 1800
1159 1366
1159 1762
1159 1482
1159 1547
1159 1488
1163 1643
1163 1243
1163 1681
1163 1849
1163 1485
1163 1711
1166 1209
1168 1840
1170 1553
1172 1198
1174 1348
1177 1624
1180 1566
1183 1603
1184 1788
1185 1864
1185 1271
1185 1462
1189 1471
1190 1707
1191 1192
1193 1713
1199 1230
1200 1603
1200 1477
1201 1608
1202 1477
1203 1231
1205 1210
1207 1418
1208 1280
1209 1327
1209 1433
1215 1839
1216 1807
1217 1881
1220 1797
1221 1374
1223 1545
1225 1440
1228 1541
1232 1681
1237 1732
1237 1376
1237 1716
1247 1549
1248 1386
1249 1580
1251 1454
1254 1464
1255 1409
1255 1535
1255 1291
1256 1857
1259 1658
1266 1390
1267 1800
1269 1772
1270 1711
1272 1449
1273 1849
1274 1682
1275 1764
1276 1754
1278 1408
1279 1356
1280 1810
1281 1429
1287 1555
1289 1486
1290 1346
1291 1360
1294 1780
1297 1389
1297 1702
1299 1759
1301 1417
1310 1783
1312 1403
1313 1374
1314 1869
1316 1422
1318 1319
1320 1636
1320 1365
1321 1642
1323 1523
1323 1374
1323 1642
1323 1491
1323 1580
1327 1853
1329 1337
1331 1565
1332 1681
1334 1720
1338 1546
1344 1497
1347 1570
1352 1485
1352 1504
1353 1813
1354 1755
1357 1474
1360 1560
1364 1828
1369 1681
1370 1676
1372 1385
1373 1833
1374 1689
1374 1412
1374 1826
1374 1425
1376 1523
1379 1485
1381 1765
1389 1849
1396 1488
1398 1684
1405 1859
1406 1681
1409 1639
1411 1711
1414 1616
1418 1441
1421 1814
1428 1445
1431 1696
1431 1531
1435 1851
1435 1817
1438 1861
1438 1580
1442 1456
1444 1712
1450 1681
1451 1659
1460 1779
1461 1487
1463 1741
1467 1523
1468 1576
1476 1530
1477 1849
1477 1863
1477 1493
1477 1740
1481 1753
1484 1628
1487 1571
1488 1521
1488 1779
1488 1600
1489 1821
1491 1827
1493 1612
1495 1561
1498 1747
1499 1561
1501 1759
1502 1514
1507 1714
1509 1655
1510 1797
1515 1616
1516 1751
1519 1638
1522 1799
1523 1584
1530 1680
1538 1824
1544 1827
1548 1801
1552 1700
1554 1667
1554 1856
1561 1776
1562 1621
1565 1873
1565 1704
1567 1589
1570 1723
1572 1872
1580 1662
1581 1601
1581 1607
1582 1592
1594 1866
1599 1834
1605 1849
1614 1785
1616 1645
1616 1811
1616 1742
1620 1802
1629 1681
1631 1767
1644 1716
1646 1666
1668 1692
1677 1728
1681 1837
1681 1774
1681 1742
1681 1685
1685 1696
1686 1791
1691 1775
1693 1697
1696 1793
1697 1698
1700 1832
1700 1827
1701 1766
1709 1720
1711 1805
1716 1781
1717 1817
1720 1727
1728 1881
1728 1739
1742 1855
1744 1830
1752 1781
1759 1779
1773 1876
1773 1785
1786 1864
1788 1827
1806 1880
1808 1827
1827 1867
1840 1873
